 
  jpnij jpimax jpjmax    jpk jpiglo jpjglo ( local:   narea    jpi    jpj )
    880     13     20     75    364    335 ( local:       1     13     20 )
 
------------------------------------
 Mapping of the default neighnourgs 
------------------------------------
 
 Note:
    - suppressed land-only subdomains are already flagged
    - suppressed send/receive communications are not yet flagged
    - see layout.nc for all details, incluing all flagged send/receive communications
 
  rank    ii    ij   jpi   jpj nimpp njmpp mpiwe mpiea mpiso mpino mpisw mpise mpinw mpine
     0     1     1    13    20     1     1    39     1    -1    40    -1    -1    79    41
     1     2     1    13    20    10     1     0     2    -1    41    -1    -1    40    42
     2     3     1    13    20    19     1     1     3    -1    42    -1    -1    41    43
     3     4     1    13    20    28     1     2     4    -1    43    -1    -1    42    44
     4     5     1    13    20    37     1     3     5    -1    44    -1    -1    43    45
     5     6     1    13    20    46     1     4     6    -1    45    -1    -1    44    46
     6     7     1    13    20    55     1     5     7    -1    46    -1    -1    45    47
     7     8     1    13    20    64     1     6     8    -1    47    -1    -1    46    48
     8     9     1    13    20    73     1     7     9    -1    48    -1    -1    47    49
     9    10     1    13    20    82     1     8    10    -1    49    -1    -1    48    50
    10    11     1    13    20    91     1     9    11    -1    50    -1    -1    49    51
    11    12     1    13    20   100     1    10    12    -1    51    -1    -1    50    52
    12    13     1    13    20   109     1    11    13    -1    52    -1    -1    51    53
    13    14     1    13    20   118     1    12    14    -1    53    -1    -1    52    54
    14    15     1    13    20   127     1    13    15    -1    54    -1    -1    53    55
    15    16     1    13    20   136     1    14    16    -1    55    -1    -1    54    56
    16    17     1    13    20   145     1    15    17    -1    56    -1    -1    55    57
    17    18     1    13    20   154     1    16    18    -1    57    -1    -1    56    58
    18    19     1    13    20   163     1    17    19    -1    58    -1    -1    57    59
    19    20     1    13    20   172     1    18    20    -1    59    -1    -1    58    60
    20    21     1    13    20   181     1    19    21    -1    60    -1    -1    59    61
    21    22     1    13    20   190     1    20    22    -1    61    -1    -1    60    62
    22    23     1    13    20   199     1    21    23    -1    62    -1    -1    61    63
    23    24     1    13    20   208     1    22    24    -1    63    -1    -1    62    64
    24    25     1    13    20   217     1    23    25    -1    64    -1    -1    63    65
 
 ...
 
   855    16    22    13     7   136   329   854   856   815    -1   814   816    -1    -1
   856    17    22    13     7   145   329   855   857   816    -1   815   817    -1    -1
   857    18    22    13     7   154   329   856   858   817    -1   816   818    -1    -1
   858    19    22    13     7   163   329   857   859   818    -1   817   819    -1    -1
   859    20    22    13     7   172   329   858   860   819    -1   818   820    -1    -1
   860    21    22    13     7   181   329   859   861   820    -1   819   821    -1    -1
   861    22    22    13     7   190   329   860   862   821    -1   820   822    -1    -1
   862    23    22    13     7   199   329   861   863   822    -1   821   823    -1    -1
   863    24    22    13     7   208   329   862   864   823    -1   822   824    -1    -1
   864    25    22    13     7   217   329   863   865   824    -1   823   825    -1    -1
   865    26    22    13     7   226   329   864   866   825    -1   824   826    -1    -1
   866    27    22    13     7   235   329   865   867   826    -1   825   827    -1    -1
   867    28    22    13     7   244   329   866   868   827    -1   826   828    -1    -1
   868    29    22    13     7   253   329   867   869   828    -1   827   829    -1    -1
   869    30    22    13     7   262   329   868   870   829    -1   828   830    -1    -1
   870    31    22    13     7   271   329   869   871   830    -1   829   831    -1    -1
   871    32    22    13     7   280   329   870   872   831    -1   830   832    -1    -1
   872    33    22    13     7   289   329   871   873   832    -1   831   833    -1    -1
   873    34    22    13     7   298   329   872   874   833    -1   832   834    -1    -1
   874    35    22    13     7   307   329   873   875   834    -1   833   835    -1    -1
   875    36    22    13     7   316   329   874   876   835    -1   834   836    -1    -1
   876    37    22    13     7   325   329   875   877   836    -1   835   837    -1    -1
   877    38    22    13     7   334   329   876   878   837    -1   836   838    -1    -1
   878    39    22    13     7   343   329   877   879   838    -1   837   839    -1    -1
   879    40    22    13     7   352   329   878   840   839    -1   838   800    -1    -1
 
 
 Number of subdomains located along the north fold :           40
 Rank of the subdomains located along the north fold : 
         840         841         842         843         844
         845         846         847         848         849
         850         851         852         853         854
         855         856         857         858         859
         860         861         862         863         864
         865         866         867         868         869
         870         871         872         873         874
         875         876         877         878         879
 
----------------------------------------------------------------------
 Mapping of the neighnourgs once excluding comm with only land points 
----------------------------------------------------------------------
 
 halo size:  1
 ---------
  rank    ii    ij mpiwe mpiea mpiso mpino mpisw mpise mpinw mpine
     0     1     1    39     1    -1    40    -1    -1    79    41 <- Org
                      39     1    -1    40    -1    -1    -1    -1 <- Send 2 modif
                      39     1    -1    40    -1    -1    -1    -1 <- Recv 2 modif
  total changes among all mpi tasks:
        mpiwe mpiea mpiso mpino mpisw mpise mpinw mpine
 Send:      0     0     0     0   840   840   840   840
 Recv:      0     0     0     0   840   840   840   840
 
 halo size:  2
 ---------
  rank    ii    ij mpiwe mpiea mpiso mpino mpisw mpise mpinw mpine
     0     1     1    39     1    -1    40    -1    -1    79    41 <- Org
                      39     1    -1    40    -1    -1    -1    -1 <- Send 2 modif
                      39     1    -1    40    -1    -1    -1    -1 <- Recv 2 modif
  total changes among all mpi tasks:
        mpiwe mpiea mpiso mpino mpisw mpise mpinw mpine
 Send:      0     0     0     0   840   840   840   840
 Recv:      0     0     0     0   840   840   840   840
